returnCode=0 returnMessage= startLat=39.550003 startLon=110.55 endLat=41.45 endLon=112.4 lonAixsCount=39 latAixsCount=38 latStep=0.049999237 lonStep=0.05000305 requestParams=dataCode=NAFP_NWFD_SPCC&time=20181113080000&maxLat=41.45&minLat=39.53&minLon=110.55&maxLon=112.41&fcstEle=TMAX requestTime=2018-11-13 09:01:16 responseTime= takeTime=0.087 
281.44 281.48 281.93 282.08 282.42 282.67 283.25 283.59 283.72 283.29 283.06 282.85 283.22 282.71 283.68 283.6 283.8 285.41 285.2 284.6 284.59 284.08 284.55 284.51 284.48 283.8 283.33 283.1 283.42 283.52 283.8 282.49 282.9 283.71 283.2 283.9 283.97 283.85
281.24 281.66 282.29 282.75 282.66 282.55 283.42 282.6 282.94 283.64 282.83 283.1 283.15 282.76 282.74 283.63 283.42 285.69 285.64 284.97 284.04 283.73 283.78 284.39 283.65 283.52 283.08 282.87 283.1 283.45 283.41 283.21 282.75 282.13 282.53 283.24 283.83 284.18
281.78 282.09 281.72 282.48 282.64 282.76 283.15 283.15 282.74 282.97 282.49 282.93 282.98 282.6 283.42 283.93 283.91 286.12 285.15 285.88 284.48 284.22 283.82 283.57 283.55 283.33 282.87 282.44 282.52 283.11 282.82 282.63 282.99 283.3 282.72 282.43 283.42 283.99
281.6 282.03 282.16 282.64 282.98 282.64 283.15 283.15 283.1 282.6 282.92 283.08 282.96 283.07 283.78 283.87 284.88 284.77 283.86 285.26 285.34 284.38 283.36 283.51 284.44 283.86 283.3 283.62 282.57 283.0 282.4 282.97 283.06 282.73 283.15 283.16 283.01 284.2
282.46 282.48 282.37 282.55 282.62 282.2 282.35 282.03 282.48 282.38 282.89 283.45 282.77 283.37 283.15 283.5 284.94 284.57 283.66 284.52 283.63 284.06 284.38 284.25 284.27 283.84 283.35 283.35 282.59 282.65 282.89 282.93 283.34 283.39 283.5 283.65 283.79 284.07
283.0 282.29 282.55 282.5 282.6 282.26 282.19 281.98 282.02 282.43 282.64 282.37 282.2 283.0 283.42 284.08 283.97 285.29 283.67 283.36 283.5 283.89 284.53 284.07 283.56 283.47 283.08 283.02 283.26 282.77 282.73 282.8 283.34 283.22 283.48 284.09 284.32 284.36
282.76 282.7 282.36 281.98 282.25 282.36 281.96 281.84 281.89 282.24 282.43 281.96 282.47 283.15 283.6 283.07 284.66 286.08 285.06 284.62 284.13 284.53 284.16 284.85 284.17 283.73 283.16 283.81 283.53 282.77 282.55 282.85 283.04 284.07 284.63 283.98 284.78 284.77
282.59 282.37 282.68 282.66 282.44 281.7 282.06 281.36 281.58 281.95 282.04 282.47 282.68 282.84 282.74 283.27 284.42 285.0 285.12 285.23 285.52 285.94 285.13 285.81 285.13 284.46 283.98 284.62 284.15 282.91 282.68 283.18 283.31 283.57 284.48 284.95 284.77 285.12
282.3 282.34 282.2 282.27 282.04 281.93 281.81 281.13 281.36 281.5 281.8 282.04 281.8 282.72 282.81 283.4 284.02 285.43 284.21 284.39 284.96 285.52 284.69 284.04 283.97 284.36 284.61 284.38 283.71 283.29 282.44 282.69 282.27 283.16 284.25 284.69 285.08 285.17
282.82 282.63 282.88 282.61 282.96 282.65 282.08 281.94 282.11 282.2 282.51 283.16 282.79 282.94 283.08 283.47 284.21 285.72 284.69 284.22 284.59 285.35 285.16 284.69 284.59 283.58 283.8 283.72 283.58 282.76 283.46 282.87 282.97 283.68 284.4 284.89 284.32 285.22
282.81 282.96 283.34 283.13 283.23 283.0 282.65 282.33 281.76 282.0 282.34 283.05 283.66 283.4 283.54 284.03 284.82 284.93 284.57 284.06 284.38 284.87 285.03 285.13 284.86 285.1 284.83 285.19 284.74 284.25 283.56 283.17 282.38 283.05 284.05 284.51 285.28 284.78
283.15 283.24 283.56 283.49 283.39 283.4 283.25 283.25 282.98 282.84 283.0 283.3 283.41 283.7 283.69 284.56 284.38 284.57 284.07 283.81 284.28 284.78 285.31 284.87 285.37 285.01 285.25 285.23 285.4 284.7 283.75 284.59 282.85 282.98 284.47 284.92 285.15 284.8
283.44 283.8 283.76 283.84 283.68 283.64 283.49 283.22 283.31 283.11 283.23 283.34 283.78 284.05 284.27 284.1 283.95 284.47 284.3 284.28 284.52 284.36 285.08 285.51 285.57 285.32 284.57 284.67 285.68 284.83 284.26 284.34 284.16 283.95 283.89 285.02 284.68 284.52
284.01 283.74 284.06 284.02 283.97 283.62 283.48 283.57 283.56 283.61 283.46 283.61 284.08 283.98 284.01 283.97 284.28 284.73 284.56 283.94 284.37 285.0 284.98 284.47 285.19 284.83 284.75 285.52 285.58 285.97 285.48 285.08 284.79 284.09 283.98 285.03 283.7 284.32
284.28 284.24 284.23 283.69 283.82 283.76 283.58 284.0 283.73 283.78 283.81 283.98 283.99 284.09 284.04 283.8 283.91 284.37 284.76 284.52 284.17 284.27 284.73 284.84 284.55 284.87 284.8 284.01 284.45 284.36 284.5 284.95 284.93 284.74 284.02 284.59 283.03 283.01
284.55 284.47 284.54 283.87 284.07 283.98 283.78 283.89 283.89 283.93 283.98 283.89 284.06 284.08 284.04 283.92 283.83 284.26 284.3 284.65 284.76 284.4 284.6 284.59 284.31 284.34 283.82 283.62 284.28 282.58 283.13 284.02 284.34 284.43 284.18 284.05 283.81 283.96
284.59 284.48 284.18 284.03 283.88 283.84 283.64 283.74 283.76 283.81 283.86 283.84 283.95 283.85 283.87 283.85 283.76 284.06 284.21 284.18 284.74 284.79 284.54 284.74 285.22 285.31 284.84 284.54 282.48 281.84 281.86 282.19 283.11 284.06 283.96 283.66 284.19 283.7
284.68 284.52 284.18 283.96 284.1 283.66 283.49 283.48 283.63 283.66 283.66 283.69 283.63 283.63 283.67 283.54 283.6 283.88 283.97 283.89 284.21 284.59 284.62 284.82 284.66 285.24 284.25 283.13 282.21 279.86 283.04 283.2 283.09 283.95 284.41 284.67 284.35 284.55
284.82 284.43 284.21 283.93 283.97 283.68 283.3 283.34 283.48 283.46 283.47 283.47 283.43 283.43 283.39 283.33 283.4 283.49 283.74 283.81 284.12 284.57 284.75 284.96 285.05 284.63 284.32 283.67 281.28 282.41 281.83 281.65 282.22 283.29 284.14 284.39 283.4 284.61
284.15 284.5 284.21 283.94 283.9 283.45 283.17 283.2 283.15 283.22 283.17 283.13 283.16 282.91 283.13 282.9 283.04 283.1 283.5 283.51 284.16 284.25 284.31 284.44 284.49 284.43 283.38 282.83 283.33 283.22 282.69 282.43 281.09 281.04 280.89 283.14 283.24 283.81
284.15 284.27 283.89 283.61 283.37 283.46 283.0 282.85 282.74 282.63 282.51 282.49 282.6 282.35 282.74 282.4 282.76 282.62 282.99 282.99 283.54 283.79 283.86 283.85 283.93 284.02 283.99 283.35 283.26 282.72 282.31 282.63 281.46 280.63 280.93 280.79 280.46 280.93
283.54 282.27 282.14 282.69 283.32 283.21 282.97 282.81 282.69 282.5 282.31 282.16 282.14 282.22 282.2 282.29 282.38 282.53 282.45 283.04 283.46 283.65 283.69 283.75 283.79 283.85 283.86 283.83 283.9 283.71 283.29 283.14 283.25 282.38 281.93 278.89 281.97 279.75
280.25 277.54 280.73 279.74 276.8 280.92 281.47 281.75 282.55 282.33 282.08 281.99 281.78 281.98 282.18 282.33 282.08 282.32 282.54 282.65 283.36 283.37 283.39 283.56 283.58 283.62 283.65 283.64 283.76 283.61 283.11 283.02 283.27 283.58 282.59 282.76 280.23 279.77
281.18 280.87 281.27 281.06 279.24 277.39 278.25 277.98 280.98 281.87 282.02 281.84 281.5 281.75 282.07 282.18 281.99 282.27 282.72 282.63 283.07 283.25 283.25 283.28 283.26 283.23 283.2 283.23 283.62 283.35 283.16 283.38 282.88 282.54 282.16 282.51 281.56 281.3
281.1 280.0 280.46 279.85 279.23 277.74 279.01 280.17 280.88 280.34 279.57 279.57 280.69 281.03 281.23 281.0 281.19 280.1 281.71 282.62 282.96 282.99 283.11 283.17 283.13 283.12 283.03 282.98 283.16 283.16 282.81 282.83 282.38 282.82 281.65 282.44 282.42 282.26
279.09 279.95 278.4 277.61 276.78 277.0 277.96 278.32 279.47 279.31 279.7 279.43 280.48 279.81 276.8 280.23 278.25 278.76 280.81 281.46 282.72 282.78 282.81 283.3 283.02 283.01 282.93 282.9 283.33 283.06 282.13 281.67 280.93 281.26 281.57 281.53 280.95 280.96
278.75 279.91 278.73 277.85 279.16 279.56 279.76 280.29 279.95 280.23 277.86 277.75 277.37 278.07 278.13 279.83 276.54 277.81 280.01 281.38 281.74 282.41 282.36 282.41 282.6 282.76 282.75 282.62 283.01 282.94 283.12 282.3 282.35 281.21 280.2 281.09 281.64 281.82
279.83 279.38 279.01 278.24 278.94 278.46 278.87 279.62 279.64 278.58 278.27 277.73 276.7 278.4 279.94 279.26 279.68 278.03 278.43 279.84 281.0 280.5 280.1 281.76 282.21 282.29 282.24 282.09 282.45 281.96 282.39 282.85 282.17 281.85 281.05 281.83 282.24 281.05
278.58 276.49 278.14 278.41 277.27 278.73 278.91 279.86 277.8 276.76 278.14 278.84 279.02 279.33 277.21 279.18 279.95 277.65 278.71 279.6 278.4 278.05 277.91 278.53 279.53 280.31 279.49 279.91 281.63 280.89 280.91 282.34 282.77 282.62 282.46 282.31 283.04 283.31
277.08 277.15 276.85 277.76 277.59 278.16 278.75 279.52 277.41 277.52 278.4 278.49 278.83 279.22 279.67 280.07 278.62 279.19 279.02 279.08 278.1 277.58 278.59 279.98 278.3 279.46 279.07 278.93 279.64 277.52 280.33 280.76 282.16 282.39 282.01 282.8 280.82 282.27
278.09 278.24 277.84 277.97 278.4 278.45 278.62 278.49 278.58 277.9 278.21 279.18 279.51 279.93 280.28 280.52 280.45 280.02 279.79 279.22 278.93 278.94 280.12 279.94 278.68 277.75 277.63 277.7 277.7 279.91 277.18 278.29 281.19 281.33 282.53 282.16 281.82 280.16
279.09 279.21 278.62 278.24 278.35 278.25 279.01 279.13 279.68 279.72 279.79 280.36 280.88 281.22 281.04 280.72 280.24 280.41 280.38 280.04 280.21 279.95 280.21 279.67 279.32 278.4 278.01 278.64 277.58 277.52 277.58 279.35 279.13 279.3 280.61 280.55 279.05 278.91
279.04 279.49 279.32 279.13 279.06 279.26 279.22 279.29 279.67 280.49 280.64 280.43 280.66 280.85 281.27 280.81 280.32 280.23 280.08 280.14 280.21 280.4 280.12 279.25 278.5 278.54 278.07 278.14 278.79 278.5 279.19 280.0 279.6 279.79 281.19 280.89 281.23 280.26
279.57 279.71 279.51 279.61 279.79 279.59 279.76 279.91 279.79 280.32 280.95 281.22 280.94 280.96 281.29 281.0 281.03 280.27 280.27 280.48 280.59 280.56 280.32 279.71 278.73 277.67 277.07 277.04 277.13 277.72 279.41 279.43 278.9 280.5 279.51 279.66 280.2 280.01
280.17 280.36 279.95 280.54 279.92 280.06 280.1 280.33 280.84 281.04 280.99 281.66 282.02 281.93 281.89 282.37 282.0 281.43 281.04 281.37 281.22 281.36 280.55 280.3 279.83 279.17 279.06 278.69 278.4 279.37 279.11 278.49 280.77 279.75 279.52 279.49 279.42 280.1
280.86 280.97 281.38 280.5 280.46 281.19 280.78 280.68 281.28 281.34 281.82 282.13 282.8 283.15 283.15 282.89 282.36 281.86 281.62 282.05 281.88 281.57 281.16 280.67 280.29 278.94 278.73 278.19 279.25 279.34 278.74 278.6 279.3 279.62 279.57 280.46 279.43 279.45
281.76 281.67 281.87 281.61 281.07 281.45 281.49 281.27 281.14 281.44 281.92 282.32 282.61 283.15 283.15 282.97 283.06 282.52 282.55 282.46 282.09 282.16 281.95 281.78 280.96 280.51 279.52 279.78 278.26 277.87 278.02 279.12 279.71 280.34 280.32 280.26 280.33 279.82
281.6 281.96 281.89 282.0 282.1 282.11 281.68 281.55 281.83 282.14 282.38 282.81 282.66 282.55 283.04 282.8 282.81 282.86 282.81 282.86 282.32 282.48 282.41 282.23 281.86 281.51 280.91 281.0 279.87 278.6 278.58 278.76 279.46 278.91 280.66 280.97 280.99 280.39
282.34 282.35 282.03 282.43 282.42 282.52 282.42 282.31 282.38 282.53 282.26 282.62 282.42 282.51 282.62 283.01 283.16 283.2 283.28 283.25 282.49 282.69 282.84 282.87 282.69 282.35 281.38 280.87 279.65 279.15 279.91 279.01 278.99 279.78 280.89 281.07 281.23 280.9
