March 9  内蒙古县界--线条类型9
0 0 0 0 0 0 0 0 0 0
2  5      1  8421504       1   65535  000 000
114.081  42.812
113.984  42.957
2  5      1  8421504       1   65535  000 000
115.285  43.922
115.333  44.066
2  5      1  8421504       1   65535  000 000
121.212  47.830
121.212  48.023
2  5      1  8421504       1   65535  000 000
119.718  47.444
119.863  47.588
2  5      1  8421504       1   65535  000 000
113.888  42.619
114.081  42.715
2  5      1  8421504       1   65535  000 000
122.127  43.391
122.272  43.487
2  5      1  8421504       1   65535  000 000
121.549  47.154
121.693  47.299
2  5      1  8421504       1   65535  000 000
109.118  40.206
109.070  40.351
2  5      1  8421504       1   65535  000 000
113.888  41.654
114.081  41.702
2  5      1  8421504       1   65535  000 000
107.239  41.027
107.335  41.171
15  5      1  8421504       1   65535  000 000
121.712  52.315
121.672  52.307
121.677  52.273
121.544  52.247
121.527  52.213
121.482  52.195
121.525  52.139
121.569  52.139
121.569  52.139
121.656  52.095
121.685  52.050
121.761  52.065
121.761  52.065
121.753  52.024
121.782  52.001
5  5      1  8421504       1   65535  000 000
122.848  51.476
122.788  51.478
122.788  51.478
122.746  51.420
122.629  51.339
14  5      1  8421504       1   65535  000 000
122.725  51.832
122.662  51.799
122.541  51.799
122.541  51.799
122.505  51.733
122.444  51.697
122.462  51.647
122.393  51.593
122.437  51.503
122.517  51.458
122.519  51.386
122.580  51.378
122.588  51.341
122.629  51.339
20  5      1  8421504       1   65535  000 000
122.629  51.339
122.656  51.305
122.623  51.267
122.629  51.219
122.655  51.210
122.660  51.227
122.660  51.227
122.689  51.224
122.700  51.170
122.659  51.132
122.672  51.084
122.528  51.024
122.542  50.937
122.561  50.920
122.597  50.923
122.597  50.923
122.591  50.906
122.515  50.854
122.485  50.779
122.281  50.785
24  5      1  8421504       1   65535  000 000
122.281  50.785
122.282  50.832
122.246  50.869
122.183  50.871
122.183  50.871
122.104  50.840
122.013  50.868
122.013  50.868
121.910  50.798
121.818  50.808
121.818  50.808
121.706  50.765
121.661  50.711
121.603  50.689
121.547  50.689
121.547  50.689
121.492  50.662
121.455  50.598
121.351  50.593
121.210  50.534
121.156  50.529
121.114  50.496
121.051  50.489
121.004  50.505
3  5      1  8421504       1   65535  000 000
121.004  50.505
120.920  50.449
120.799  50.431
4  5      1  8421504       1   65535  000 000
120.584  50.371
120.666  50.380
120.690  50.404
120.799  50.431
54  5      1  8421504       1   65535  000 000
121.782  52.001
121.750  51.944
121.684  51.931
121.665  51.864
121.616  51.851
121.606  51.809
121.566  51.776
121.558  51.714
121.479  51.660
121.410  51.656
121.412  51.529
121.443  51.480
121.338  51.454
121.336  51.410
121.218  51.332
121.088  51.307
121.016  51.231
121.029  51.149
120.969  51.078
120.932  51.055
120.884  51.057
120.861  51.076
120.861  51.076
120.818  51.070
120.802  51.101
120.802  51.101
120.723  51.087
120.625  51.159
120.625  51.159
120.471  51.152
120.427  51.134
120.399  51.058
120.356  51.052
120.297  51.003
120.181  50.854
120.238  50.834
120.307  50.851
120.307  50.851
120.354  50.832
120.425  50.838
120.425  50.838
120.443  50.821
120.392  50.774
120.456  50.727
120.473  50.637
120.532  50.571
120.602  50.574
120.683  50.610
120.683  50.610
120.731  50.564
120.754  50.517
120.656  50.510
120.580  50.447
120.584  50.371
8  5      1  8421504       1   65535  000 000
122.562  50.141
122.654  50.152
122.654  50.152
122.757  50.103
122.877  50.106
122.988  50.153
122.988  50.153
123.114  50.131
2  5      1  8421504       1   65535  000 000
120.438  50.040
120.312  50.129
8  5      1  8421504       1   65535  000 000
120.312  50.129
120.263  50.089
120.223  50.091
120.223  50.091
120.165  50.061
120.056  50.062
120.056  50.062
120.000  50.034
11  5      1  8421504       1   65535  000 000
119.334  50.165
119.495  50.117
119.575  50.132
119.678  50.194
119.747  50.195
119.747  50.195
119.810  50.166
119.882  50.166
119.958  50.099
119.981  50.035
120.000  50.034
7  5      1  8421504       1   65535  000 000
120.799  50.431
120.905  50.380
120.980  50.286
120.958  50.233
120.983  50.152
121.054  50.069
121.046  50.033
14  5      1  8421504       1   65535  000 000
121.046  50.033
120.942  50.057
120.908  50.100
120.908  50.100
120.835  50.071
120.823  50.093
120.759  50.107
120.759  50.107
120.743  50.073
120.665  50.047
120.620  50.053
120.620  50.053
120.465  50.012
120.438  50.040
6  5      1  8421504       1   65535  000 000
122.398  49.955
122.397  50.062
122.458  50.098
122.458  50.098
122.528  50.097
122.562  50.141
34  5      1  8421504       1   65535  000 000
122.281  50.785
122.239  50.700
122.195  50.694
122.126  50.593
122.224  50.550
122.221  50.496
122.257  50.486
122.270  50.412
122.233  50.398
122.222  50.367
122.096  50.308
122.024  50.323
122.002  50.344
122.002  50.344
121.915  50.328
121.878  50.358
121.878  50.358
121.799  50.257
121.873  50.209
121.867  50.161
121.958  50.139
121.988  50.102
121.930  50.026
121.936  49.997
121.863  49.956
121.877  49.934
121.988  49.918
122.029  49.951
122.029  49.951
122.141  49.882
122.283  49.975
122.283  49.975
122.330  49.931
122.398  49.955
4  5      1  8421504       1   65535  000 000
122.398  49.955
122.461  49.936
122.465  49.895
122.396  49.797
6  5      1  8421504       1   65535  000 000
124.748  49.802
124.931  49.815
124.931  49.815
125.096  49.755
125.107  49.780
125.189  49.806
17  5      1  8421504       1   65535  000 000
123.114  50.131
123.140  50.108
123.081  50.084
122.978  49.971
122.922  49.902
122.919  49.849
122.877  49.831
122.795  49.833
122.795  49.833
122.796  49.793
122.729  49.766
122.747  49.729
122.688  49.697
122.552  49.701
122.481  49.752
122.478  49.790
122.396  49.797
6  5      1  8421504       1   65535  000 000
124.595  49.620
124.638  49.675
124.733  49.690
124.749  49.737
124.710  49.784
124.748  49.802
6  5      1  8421504       1   65535  000 000
124.415  49.638
124.511  49.624
124.557  49.636
124.557  49.636
124.583  49.604
124.595  49.620
3  5      1  8421504       1   65535  000 000
124.318  49.525
124.359  49.626
124.415  49.638
2  5      1  8421504       1   65535  000 000
117.845  49.507
117.801  49.521
3  5      1  8421504       1   65535  000 000
117.879  49.446
117.850  49.465
117.845  49.507
6  5      1  8421504       1   65535  000 000
117.744  49.359
117.755  49.345
117.802  49.400
117.857  49.414
117.838  49.442
117.879  49.446
5  5      1  8421504       1   65535  000 000
117.666  49.330
117.696  49.336
117.704  49.363
117.704  49.363
117.744  49.359
14  5      1  8421504       1   65535  000 000
116.719  49.847
116.812  49.692
116.902  49.596
117.045  49.548
117.170  49.540
117.245  49.505
117.343  49.539
117.343  49.539
117.419  49.534
117.510  49.466
117.512  49.428
117.565  49.422
117.651  49.379
117.666  49.330
15  5      1  8421504       1   65535  000 000
121.046  50.033
121.045  49.982
120.892  49.852
120.913  49.769
120.867  49.683
120.925  49.626
120.853  49.625
120.806  49.586
120.683  49.566
120.580  49.514
120.515  49.440
120.457  49.417
120.540  49.366
120.526  49.334
120.576  49.287
4  5      1  8421504       1   65535  000 000
120.350  49.361
120.274  49.308
120.158  49.270
120.000  49.452
11  5      1  8421504       1   65535  000 000
123.911  49.264
123.979  49.274
124.034  49.308
124.034  49.308
124.079  49.296
124.171  49.321
124.171  49.321
124.316  49.313
124.334  49.391
124.269  49.498
124.318  49.525
2  5      1  8421504       1   65535  000 000
120.575  49.258
120.576  49.287
10  5      1  8421504       1   65535  000 000
120.576  49.287
120.522  49.265
120.493  49.275
120.493  49.275
120.486  49.258
120.379  49.224
120.395  49.257
120.351  49.296
120.370  49.327
120.350  49.361
7  5      1  8421504       1   65535  000 000
119.632  49.209
119.680  49.263
119.719  49.275
119.717  49.318
119.806  49.331
119.863  49.431
120.000  49.452
2  5      1  8421504       1   65535  000 000
119.513  49.203
119.632  49.209
2  5      1  8421504       1   65535  000 000
123.902  49.158
123.911  49.264
4  5      1  8421504       1   65535  000 000
118.389  49.825
118.414  49.469
118.328  49.239
118.397  49.143
4  5      1  8421504       1   65535  000 000
120.000  49.149
120.090  49.134
120.358  49.170
120.575  49.258
3  5      1  8421504       1   65535  000 000
119.549  49.119
119.695  49.147
119.730  49.180
2  5      1  8421504       1   65535  000 000
119.513  49.203
119.549  49.119
6  5      1  8421504       1   65535  000 000
119.730  49.180
119.765  49.177
119.772  49.111
119.959  49.160
119.959  49.160
120.000  49.149
2  5      1  8421504       1   65535  000 000
123.559  49.073
123.617  49.042
7  5      1  8421504       1   65535  000 000
123.617  49.042
123.723  49.026
123.778  48.998
123.842  49.019
123.876  49.060
123.859  49.118
123.902  49.158
28  5      1  8421504       1   65535  000 000
122.396  49.797
122.411  49.729
122.387  49.690
122.359  49.672
122.306  49.681
122.306  49.681
122.274  49.625
122.195  49.586
122.188  49.539
122.153  49.530
122.123  49.484
122.015  49.519
122.015  49.519
122.002  49.475
121.960  49.450
121.878  49.479
121.878  49.479
121.739  49.474
121.729  49.444
121.788  49.404
121.859  49.273
121.928  49.236
121.950  49.167
122.016  49.137
122.005  49.081
121.953  49.053
122.022  49.028
122.015  48.993
6  5      1  8421504       1   65535  000 000
117.666  49.330
117.693  49.310
117.633  49.162
117.639  49.051
117.672  48.977
117.735  48.953
4  5      1  8421504       1   65535  000 000
122.015  48.993
121.988  48.964
122.076  48.890
122.060  48.860
3  5      1  8421504       1   65535  000 000
117.735  48.953
117.741  48.923
117.672  48.838
27  5      1  8421504       1   65535  000 000
122.060  48.860
122.187  48.818
122.376  48.857
122.371  48.935
122.450  48.944
122.472  48.981
122.524  48.993
122.546  49.036
122.611  49.061
122.676  49.118
122.731  49.149
122.798  49.152
122.850  49.209
123.035  49.286
123.035  49.286
123.090  49.254
123.125  49.272
123.200  49.274
123.200  49.274
123.228  49.215
123.285  49.199
123.275  49.167
123.335  49.108
123.424  49.115
123.424  49.115
123.455  49.088
123.559  49.073
6  5      1  8421504       1   65535  000 000
118.792  48.748
118.950  48.833
119.085  48.866
119.330  48.973
119.466  49.087
119.549  49.119
2  5      1  8421504       1   65535  000 000
118.397  49.143
118.792  48.748
4  5      1  8421504       1   65535  000 000
118.792  48.748
118.826  48.714
118.813  48.648
118.863  48.612
10  5      1  8421504       1   65535  000 000
122.060  48.860
122.043  48.851
122.077  48.793
122.123  48.790
122.147  48.765
122.200  48.641
122.379  48.593
122.405  48.606
122.405  48.606
122.490  48.585
11  5      1  8421504       1   65535  000 000
123.559  49.073
123.551  49.009
123.640  48.931
123.604  48.851
123.639  48.774
123.761  48.680
123.765  48.570
123.817  48.587
123.817  48.587
123.832  48.562
123.937  48.528
8  5      1  8421504       1   65535  000 000
123.937  48.528
123.996  48.517
124.069  48.539
124.069  48.539
124.118  48.516
124.235  48.535
124.235  48.535
124.257  48.523
8  5      1  8421504       1   65535  000 000
122.490  48.585
122.573  48.597
122.573  48.597
122.578  48.573
122.640  48.568
122.700  48.528
122.737  48.524
122.741  48.493
6  5      1  8421504       1   65535  000 000
122.490  48.585
122.417  48.402
122.446  48.296
122.356  48.273
122.341  48.220
122.285  48.182
13  5      1  8421504       1   65535  000 000
122.285  48.182
122.245  48.171
122.208  48.182
122.208  48.182
122.152  48.156
122.055  48.152
121.969  48.177
121.969  48.177
121.892  48.160
121.691  48.234
121.691  48.234
121.568  48.222
121.521  48.165
15  5      1  8421504       1   65535  000 000
117.672  48.838
117.658  48.825
117.704  48.777
117.688  48.767
117.718  48.704
117.668  48.662
117.640  48.476
117.595  48.437
117.569  48.364
117.631  48.253
117.604  48.201
117.631  48.133
117.667  48.106
117.725  48.101
117.801  48.014
16  5      1  8421504       1   65535  000 000
118.863  48.612
118.891  48.558
118.926  48.540
118.874  48.468
118.896  48.434
119.013  48.352
119.204  48.273
119.253  48.234
119.273  48.157
119.313  48.157
119.480  48.082
119.805  48.069
119.845  48.047
119.924  48.053
119.924  48.053
119.937  48.002
3  5      1  8421504       1   65535  000 000
121.521  48.165
121.497  48.059
121.282  48.001
37  5      1  8421504       1   65535  000 000
120.575  49.258
120.580  49.190
120.658  49.143
120.659  49.104
120.711  49.091
120.695  49.071
120.733  49.016
120.717  48.990
120.809  48.943
120.800  48.902
120.833  48.884
120.767  48.827
120.868  48.768
120.828  48.635
120.833  48.563
120.864  48.513
120.849  48.482
120.942  48.451
120.985  48.468
120.985  48.468
121.080  48.454
121.111  48.466
121.111  48.466
121.120  48.416
121.158  48.378
121.117  48.338
121.020  48.305
121.006  48.230
121.025  48.177
120.920  48.144
120.892  48.108
120.832  48.119
120.832  48.119
120.804  48.104
120.793  48.056
120.849  48.015
120.841  48.001
8  5      1  8421504       1   65535  000 000
122.741  48.493
122.734  48.424
122.824  48.372
122.915  48.272
122.939  48.163
123.002  48.089
122.992  48.052
123.047  48.000
3  5      1  8421504       1   65535  000 000
123.047  48.000
123.144  47.960
123.291  47.952
2  5      1  8421504       1   65535  000 000
119.937  48.002
120.000  47.903
4  5      1  8421504       1   65535  000 000
121.282  48.001
121.219  47.977
121.222  47.903
121.284  47.848
11  5      1  8421504       1   65535  000 000
120.841  48.001
120.860  47.943
120.919  47.943
120.919  47.943
120.932  47.926
120.828  47.808
120.708  47.811
120.708  47.811
120.652  47.792
120.661  47.691
120.686  47.678
11  5      1  8421504       1   65535  000 000
120.686  47.678
120.793  47.663
120.826  47.686
120.907  47.694
121.046  47.812
121.046  47.812
121.105  47.800
121.194  47.826
121.194  47.826
121.258  47.818
121.284  47.848
3  5      1  8421504       1   65535  000 000
120.000  47.903
120.093  47.785
120.140  47.653
2  5      1  8421504       1   65535  000 000
120.140  47.653
120.169  47.610
6  5      1  8421504       1   65535  000 000
120.686  47.678
120.666  47.649
120.596  47.664
120.596  47.664
120.538  47.632
120.482  47.549
5  5      1  8421504       1   65535  000 000
120.169  47.610
120.258  47.656
120.258  47.656
120.317  47.606
120.482  47.549
2  5      1  8421504       1   65535  000 000
120.169  47.610
120.000  47.544
3  5      1  8421504       1   65535  000 000
120.000  47.544
119.835  47.498
119.807  47.470
5  5      1  8421504       1   65535  000 000
119.476  47.334
119.592  47.353
119.643  47.404
119.741  47.425
119.807  47.470
8  5      1  8421504       1   65535  000 000
120.482  47.549
120.584  47.546
120.575  47.501
120.730  47.381
120.697  47.332
120.573  47.268
120.585  47.237
120.646  47.241
14  5      1  8421504       1   65535  000 000
122.389  47.344
122.240  47.251
122.119  47.211
122.066  47.175
121.989  47.160
121.964  47.191
121.847  47.237
121.856  47.258
121.856  47.258
121.792  47.247
121.741  47.258
121.741  47.258
121.700  47.251
121.636  47.166
6  5      1  8421504       1   65535  000 000
121.396  47.156
121.430  47.181
121.521  47.196
121.521  47.196
121.582  47.168
121.636  47.166
9  5      1  8421504       1   65535  000 000
120.646  47.241
120.727  47.215
120.797  47.151
120.868  47.147
120.954  47.095
121.078  47.143
121.078  47.143
121.257  47.111
121.396  47.156
3  5      1  8421504       1   65535  000 000
121.396  47.156
121.340  47.112
121.309  46.995
2  5      1  8421504       1   65535  000 000
119.903  46.665
119.998  46.598
5  5      1  8421504       1   65535  000 000
119.998  46.598
120.100  46.554
120.064  46.508
120.050  46.424
120.000  46.424
2  5      1  8421504       1   65535  000 000
121.947  46.294
122.001  46.265
6  5      1  8421504       1   65535  000 000
121.915  46.183
121.939  46.199
121.919  46.230
121.854  46.245
121.883  46.288
121.947  46.294
3  5      1  8421504       1   65535  000 000
121.915  46.183
121.963  46.149
121.987  46.069
35  5      1  8421504       1   65535  000 000
121.309  46.995
121.226  46.990
121.182  46.929
121.386  46.934
121.386  46.934
121.415  46.910
121.450  46.911
121.450  46.911
121.477  46.890
121.452  46.873
121.448  46.807
121.416  46.794
121.445  46.777
121.472  46.700
121.585  46.692
121.671  46.654
121.716  46.580
121.755  46.568
121.777  46.531
121.902  46.495
121.957  46.446
122.104  46.458
122.104  46.458
122.262  46.398
122.311  46.407
122.311  46.407
122.512  46.382
122.656  46.437
122.656  46.437
122.693  46.389
122.760  46.352
122.740  46.313
122.777  46.188
122.762  46.136
122.780  46.068
5  5      1  8421504       1   65535  000 000
121.987  46.069
121.916  46.037
121.858  46.041
121.858  46.041
121.838  46.023
12  5      1  8421504       1   65535  000 000
120.000  46.424
119.938  46.429
119.938  46.429
119.878  46.368
119.886  46.344
119.942  46.323
119.888  46.278
119.918  46.239
119.917  46.182
119.833  46.009
119.868  45.979
120.002  45.958
12  5      1  8421504       1   65535  000 000
122.001  46.265
122.062  46.289
122.062  46.289
122.121  46.274
122.099  46.216
122.217  46.153
122.248  46.105
122.296  46.092
122.314  46.044
122.294  46.007
122.174  45.997
122.061  45.927
9  5      1  8421504       1   65535  000 000
120.002  45.958
120.025  45.962
120.025  45.962
120.080  45.920
120.164  45.956
120.164  45.956
120.378  45.936
120.599  45.892
120.736  45.843
18  5      1  8421504       1   65535  000 000
121.752  45.813
121.648  45.903
121.648  45.903
121.535  45.858
121.390  45.891
121.364  45.952
121.364  45.952
121.300  45.945
121.256  46.018
121.181  46.027
121.130  46.061
121.124  46.089
121.124  46.089
121.059  46.075
121.066  45.993
120.911  45.910
120.796  45.892
120.736  45.843
3  5      1  8421504       1   65535  000 000
120.002  45.958
119.987  45.792
119.864  45.651
4  5      1  8421504       1   65535  000 000
119.996  45.619
119.941  45.652
119.941  45.652
119.864  45.651
8  5      1  8421504       1   65535  000 000
119.864  45.651
119.712  45.588
119.669  45.543
119.664  45.472
119.592  45.446
119.505  45.376
119.320  45.283
119.235  45.285
29  5      1  8421504       1   65535  000 000
120.736  45.843
120.837  45.801
120.918  45.740
120.961  45.746
120.961  45.746
121.043  45.678
121.101  45.659
121.115  45.601
121.167  45.596
121.233  45.518
121.352  45.525
121.352  45.525
121.324  45.494
121.353  45.476
121.377  45.484
121.377  45.484
121.358  45.450
121.396  45.439
121.420  45.382
121.473  45.360
121.508  45.286
121.699  45.229
121.736  45.268
121.736  45.268
121.797  45.237
121.906  45.225
121.966  45.231
122.037  45.280
122.146  45.296
5  5      1  8421504       1   65535  000 000
119.235  45.285
119.316  45.238
119.394  45.254
119.394  45.254
119.498  45.177
2  5      1  8421504       1   65535  000 000
119.498  45.177
119.606  45.119
5  5      1  8421504       1   65535  000 000
115.172  45.390
115.239  45.269
115.317  45.227
115.350  45.104
115.372  45.097
3  5      1  8421504       1   65535  000 000
115.372  45.097
115.400  45.060
115.489  45.018
5  5      1  8421504       1   65535  000 000
119.498  45.177
119.493  45.127
119.376  45.076
119.314  45.069
119.293  45.006
3  5      1  8421504       1   65535  000 000
119.293  45.006
119.281  44.982
119.211  44.949
2  5      1  8421504       1   65535  000 000
115.489  45.018
115.731  44.878
24  5      1  8421504       1   65535  000 000
116.427  44.866
116.480  44.877
116.521  45.023
116.550  45.044
116.550  45.044
116.993  45.042
117.224  45.073
117.285  45.102
117.285  45.102
117.339  45.099
117.935  45.373
117.935  45.373
118.225  45.369
118.327  45.295
118.443  45.245
118.616  45.251
118.711  45.293
118.711  45.293
118.831  45.284
118.895  45.336
118.979  45.344
118.979  45.344
119.138  45.329
119.235  45.285
5  5      1  8421504       1   65535  000 000
119.606  45.119
119.655  45.095
119.746  44.922
119.842  44.893
119.999  44.781
5  5      1  8421504       1   65535  000 000
119.211  44.949
119.224  44.868
119.266  44.840
119.208  44.827
119.149  44.779
3  5      1  8421504       1   65535  000 000
119.999  44.781
120.066  44.728
120.072  44.683
7  5      1  8421504       1   65535  000 000
115.731  44.878
115.940  44.674
116.011  44.682
116.073  44.793
116.283  44.937
116.283  44.937
116.427  44.866
6  5      1  8421504       1   65535  000 000
115.731  44.878
115.612  44.821
115.526  44.808
115.472  44.753
115.484  44.678
115.446  44.653
3  5      1  8421504       1   65535  000 000
115.446  44.653
115.393  44.593
115.339  44.573
6  5      1  8421504       1   65535  000 000
116.427  44.866
116.516  44.765
116.571  44.745
116.561  44.665
116.500  44.581
116.520  44.529
9  5      1  8421504       1   65535  000 000
119.149  44.779
119.178  44.722
119.112  44.722
119.112  44.722
119.048  44.691
118.981  44.612
118.960  44.541
118.834  44.500
118.774  44.451
34  5      1  8421504       1   65535  000 000
119.996  45.619
120.044  45.586
120.174  45.590
120.174  45.590
120.261  45.555
120.306  45.558
120.306  45.558
120.346  45.520
120.411  45.503
120.430  45.465
120.487  45.463
120.530  45.437
120.552  45.416
120.548  45.358
120.682  45.283
120.699  45.237
120.829  45.230
120.870  45.164
120.951  45.142
120.943  45.120
120.978  45.111
120.979  45.085
121.057  45.029
121.064  44.995
121.169  44.979
121.218  44.923
121.343  44.877
121.418  44.772
121.477  44.750
121.482  44.710
121.590  44.660
121.764  44.446
121.933  44.388
121.924  44.347
14  5      1  8421504       1   65535  000 000
118.774  44.451
118.648  44.441
118.629  44.464
118.629  44.464
118.604  44.462
118.550  44.430
118.546  44.401
118.476  44.387
118.472  44.345
118.396  44.306
118.364  44.318
118.364  44.318
118.331  44.307
118.301  44.283
4  5      1  8421504       1   65535  000 000
118.774  44.451
118.795  44.325
118.747  44.284
118.710  44.277
6  5      1  8421504       1   65535  000 000
121.924  44.347
121.939  44.319
121.987  44.324
121.987  44.324
122.126  44.261
122.262  44.261
9  5      1  8421504       1   65535  000 000
113.463  44.776
113.455  44.748
113.491  44.731
113.508  44.656
113.558  44.588
113.655  44.562
113.759  44.488
113.816  44.381
114.000  44.199
2  5      1  8421504       1   65535  000 000
121.326  44.146
121.246  44.136
14  5      1  8421504       1   65535  000 000
121.924  44.347
121.797  44.327
121.672  44.269
121.582  44.274
121.532  44.339
121.461  44.375
121.461  44.375
121.411  44.375
121.299  44.335
121.257  44.282
121.190  44.296
121.190  44.296
121.142  44.265
121.246  44.136
17  5      1  8421504       1   65535  000 000
118.301  44.283
118.268  44.296
118.268  44.296
118.251  44.237
118.212  44.241
118.212  44.241
118.166  44.202
118.136  44.206
118.136  44.206
118.107  44.129
118.057  44.101
117.918  44.125
117.918  44.125
117.817  44.051
117.753  44.071
117.736  44.098
117.584  44.105
3  5      1  8421504       1   65535  000 000
121.326  44.146
121.385  44.142
121.535  44.028
4  5      1  8421504       1   65535  000 000
121.246  44.136
121.160  44.067
121.053  44.040
121.060  44.021
3  5      1  8421504       1   65535  000 000
117.584  44.105
117.554  44.067
117.583  44.021
18  5      1  8421504       1   65535  000 000
120.072  44.683
120.145  44.632
120.159  44.585
120.294  44.500
120.283  44.474
120.318  44.455
120.308  44.411
120.374  44.385
120.379  44.338
120.437  44.305
120.448  44.257
120.489  44.243
120.618  44.245
120.618  44.245
120.718  44.151
120.734  44.084
120.679  44.061
120.713  44.013
2  5      1  8421504       1   65535  000 000
121.535  44.028
121.563  44.008
6  5      1  8421504       1   65535  000 000
118.301  44.283
118.301  44.203
118.350  44.088
118.386  44.045
118.470  44.027
118.502  44.001
3  5      1  8421504       1   65535  000 000
117.583  44.021
117.623  44.021
117.662  44.001
13  5      1  8421504       1   65535  000 000
115.339  44.573
115.342  44.518
115.428  44.400
115.456  44.322
115.512  44.278
115.552  44.279
115.552  44.279
115.530  44.185
115.443  44.093
115.410  44.097
115.410  44.097
115.347  44.053
115.325  44.001
19  5      1  8421504       1   65535  000 000
119.149  44.779
119.206  44.773
119.245  44.744
119.294  44.769
119.441  44.791
119.441  44.791
119.477  44.768
119.468  44.701
119.504  44.633
119.493  44.592
119.538  44.553
119.560  44.471
119.596  44.435
119.560  44.427
119.525  44.327
119.585  44.194
119.632  44.153
119.613  44.076
119.665  44.001
13  5      1  8421504       1   65535  000 000
116.520  44.529
116.348  44.419
116.306  44.353
116.349  44.317
116.491  44.324
116.491  44.324
116.539  44.267
116.610  44.247
116.619  44.168
116.725  44.169
116.725  44.169
116.738  44.064
116.811  44.001
2  5      1  8421504       1   65535  000 000
114.000  44.199
114.199  44.001
7  5      1  8421504       1   65535  000 000
117.584  44.105
117.390  44.130
117.358  44.156
117.358  44.156
117.307  44.125
117.259  44.043
117.134  44.001
6  5      1  8421504       1   65535  000 000
118.710  44.277
118.821  44.211
118.861  44.116
118.851  44.081
118.912  44.072
118.930  44.000
2  5      1  8421504       1   65535  000 000
121.060  44.021
121.090  44.000
3  5      1  8421504       1   65535  000 000
117.134  44.001
116.945  43.972
116.958  43.929
5  5      1  8421504       1   65535  000 000
116.811  44.001
116.814  43.943
116.874  43.965
116.874  43.965
116.958  43.929
10  5      1  8421504       1   65535  000 000
118.502  44.001
118.522  43.963
118.319  43.966
118.319  43.966
118.260  43.933
118.264  43.963
118.222  43.979
118.222  43.979
118.198  43.953
118.239  43.907
2  5      1  8421504       1   65535  000 000
122.854  43.824
122.904  43.808
4  5      1  8421504       1   65535  000 000
122.772  43.805
122.799  43.825
122.799  43.825
122.854  43.824
2  5      1  8421504       1   65535  000 000
122.709  43.817
122.772  43.805
2  5      1  8421504       1   65535  000 000
122.904  43.808
122.941  43.804
5  5      1  8421504       1   65535  000 000
121.563  44.008
121.567  43.949
121.670  43.905
121.690  43.821
121.791  43.797
5  5      1  8421504       1   65535  000 000
121.090  44.000
121.086  43.918
121.112  43.841
120.942  43.790
120.849  43.788
4  5      1  8421504       1   65535  000 000
120.713  44.013
120.768  43.921
120.813  43.891
120.849  43.788
4  5      1  8421504       1   65535  000 000
111.968  43.744
112.081  43.763
112.081  43.763
112.110  43.728
3  5      1  8421504       1   65535  000 000
122.941  43.804
123.005  43.758
122.993  43.696
24  5      1  8421504       1   65535  000 000
121.791  43.797
121.904  43.794
121.933  43.761
122.044  43.753
122.060  43.698
122.080  43.695
122.135  43.713
122.130  43.742
122.130  43.742
122.155  43.742
122.173  43.815
122.173  43.815
122.216  43.812
122.262  43.854
122.349  43.875
122.465  43.947
122.465  43.947
122.542  43.938
122.603  43.951
122.603  43.951
122.636  43.933
122.580  43.889
122.577  43.824
122.709  43.817
7  5      1  8421504       1   65535  000 000
119.665  44.001
119.730  43.938
119.733  43.883
119.795  43.820
119.687  43.720
119.717  43.643
119.654  43.632
16  5      1  8421504       1   65535  000 000
118.930  44.000
118.920  43.933
119.015  43.910
119.082  43.859
119.112  43.748
119.098  43.716
119.297  43.679
119.411  43.704
119.411  43.743
119.463  43.762
119.463  43.762
119.493  43.754
119.484  43.730
119.508  43.697
119.614  43.617
119.654  43.632
9  5      1  8421504       1   65535  000 000
122.993  43.696
122.879  43.680
122.905  43.652
122.883  43.627
122.592  43.648
122.592  43.648
122.530  43.631
122.533  43.606
122.506  43.593
5  5      1  8421504       1   65535  000 000
118.239  43.907
118.295  43.753
118.401  43.632
118.403  43.603
118.452  43.584
4  5      1  8421504       1   65535  000 000
120.849  43.788
120.975  43.664
120.924  43.615
120.828  43.581
4  5      1  8421504       1   65535  000 000
122.993  43.696
123.060  43.681
123.212  43.599
123.433  43.553
10  5      1  8421504       1   65535  000 000
121.791  43.797
121.781  43.750
121.856  43.665
121.827  43.660
121.842  43.633
121.820  43.621
121.738  43.650
121.738  43.650
121.704  43.591
121.799  43.551
6  5      1  8421504       1   65535  000 000
119.654  43.632
119.752  43.587
119.936  43.596
119.936  43.596
119.971  43.549
120.000  43.554
2  5      1  8421504       1   65535  000 000
122.506  43.593
122.485  43.542
2  5      1  8421504       1   65535  000 000
120.828  43.581
120.741  43.541
4  5      1  8421504       1   65535  000 000
121.799  43.551
121.813  43.539
121.796  43.509
121.754  43.517
6  5      1  8421504       1   65535  000 000
118.452  43.584
118.289  43.596
118.289  43.596
118.198  43.552
118.191  43.504
118.213  43.482
7  5      1  8421504       1   65535  000 000
120.873  43.479
121.036  43.533
121.036  43.533
121.130  43.524
121.183  43.542
121.183  43.542
121.246  43.527
3  5      1  8421504       1   65535  000 000
120.741  43.541
120.679  43.497
120.667  43.459
7  5      1  8421504       1   65535  000 000
112.110  43.728
112.135  43.520
112.199  43.471
112.181  43.455
112.053  43.441
111.945  43.565
111.884  43.672
2  5      1  8421504       1   65535  000 000
120.581  43.433
120.667  43.459
3  5      1  8421504       1   65535  000 000
120.757  43.429
120.806  43.473
120.873  43.479
2  5      1  8421504       1   65535  000 000
120.718  43.424
120.757  43.429
7  5      1  8421504       1   65535  000 000
122.485  43.542
122.435  43.498
122.331  43.513
122.331  43.513
122.272  43.502
122.236  43.473
122.221  43.406
6  5      1  8421504       1   65535  000 000
121.754  43.517
121.726  43.490
121.786  43.476
121.807  43.442
121.727  43.440
121.707  43.392
2  5      1  8421504       1   65535  000 000
121.707  43.392
121.743  43.391
4  5      1  8421504       1   65535  000 000
121.743  43.391
121.789  43.406
121.789  43.406
121.827  43.388
3  5      1  8421504       1   65535  000 000
120.707  43.381
120.767  43.408
120.757  43.429
3  5      1  8421504       1   65535  000 000
120.549  43.381
120.558  43.402
120.718  43.424
2  5      1  8421504       1   65535  000 000
120.417  43.380
120.549  43.381
3  5      1  8421504       1   65535  000 000
120.417  43.380
120.463  43.411
120.581  43.433
2  5      1  8421504       1   65535  000 000
120.123  43.380
120.266  43.388
3  5      1  8421504       1   65535  000 000
120.266  43.388
120.331  43.371
120.417  43.380
2  5      1  8421504       1   65535  000 000
120.073  43.368
120.123  43.380
4  5      1  8421504       1   65535  000 000
120.000  43.554
120.030  43.518
120.036  43.436
120.073  43.368
4  5      1  8421504       1   65535  000 000
122.158  43.367
122.163  43.410
122.163  43.410
122.221  43.406
2  5      1  8421504       1   65535  000 000
122.044  43.366
122.158  43.367
2  5      1  8421504       1   65535  000 000
121.827  43.388
122.044  43.366
11  5      1  8421504       1   65535  000 000
116.098  43.363
116.040  43.458
115.933  43.539
115.905  43.645
115.861  43.652
115.830  43.690
115.755  43.699
115.669  43.766
115.378  43.891
115.333  43.919
115.325  44.001
2  5      1  8421504       1   65535  000 000
120.000  43.355
120.073  43.368
3  5      1  8421504       1   65535  000 000
121.707  43.392
121.604  43.360
121.601  43.297
2  5      1  8421504       1   65535  000 000
120.609  43.296
120.707  43.381
2  5      1  8421504       1   65535  000 000
121.580  43.283
121.601  43.297
6  5      1  8421504       1   65535  000 000
121.246  43.527
121.371  43.529
121.371  43.529
121.427  43.461
121.464  43.448
121.580  43.283
7  5      1  8421504       1   65535  000 000
118.213  43.482
118.211  43.423
118.313  43.436
118.313  43.436
118.461  43.380
118.546  43.303
118.532  43.274
2  5      1  8421504       1   65535  000 000
118.451  43.265
118.532  43.274
11  5      1  8421504       1   65535  000 000
117.662  44.001
117.699  43.907
117.774  43.843
117.778  43.805
117.945  43.555
117.898  43.469
117.950  43.394
118.009  43.401
118.009  43.401
118.060  43.352
118.078  43.248
5  5      1  8421504       1   65535  000 000
118.078  43.248
118.144  43.246
118.248  43.290
118.248  43.290
118.451  43.265
2  5      1  8421504       1   65535  000 000
120.609  43.296
120.519  43.222
7  5      1  8421504       1   65535  000 000
118.532  43.274
118.634  43.247
119.119  43.212
119.316  43.267
119.316  43.267
119.633  43.262
120.000  43.355
15  5      1  8421504       1   65535  000 000
114.199  44.001
114.209  43.957
114.327  43.889
114.378  43.817
114.436  43.787
114.452  43.730
114.482  43.722
114.509  43.665
114.521  43.598
114.636  43.514
114.762  43.366
114.855  43.363
114.868  43.327
114.948  43.257
114.904  43.193
2  5      1  8421504       1   65535  000 000
120.519  43.222
120.465  43.163
2  5      1  8421504       1   65535  000 000
120.465  43.163
120.431  43.123
3  5      1  8421504       1   65535  000 000
114.904  43.193
114.951  43.134
115.004  43.113
4  5      1  8421504       1   65535  000 000
116.074  43.113
116.110  43.141
116.138  43.221
116.098  43.363
5  5      1  8421504       1   65535  000 000
115.794  43.108
115.722  43.118
115.722  43.118
115.675  43.097
115.581  43.137
5  5      1  8421504       1   65535  000 000
116.074  43.113
116.007  43.121
116.007  43.121
115.855  43.094
115.794  43.108
7  5      1  8421504       1   65535  000 000
118.451  43.265
118.415  43.242
118.361  43.246
118.361  43.246
118.329  43.212
118.369  43.136
118.356  43.090
5  5      1  8421504       1   65535  000 000
115.004  43.113
115.032  43.133
115.116  43.135
115.116  43.135
115.182  43.087
4  5      1  8421504       1   65535  000 000
115.581  43.137
115.483  43.104
115.287  43.074
115.182  43.087
2  5      1  8421504       1   65535  000 000
115.182  43.087
115.090  43.062
3  5      1  8421504       1   65535  000 000
120.431  43.123
120.379  43.104
120.337  43.051
13  5      1  8421504       1   65535  000 000
116.958  43.929
116.984  43.873
117.092  43.834
117.057  43.646
117.020  43.629
116.960  43.637
116.960  43.637
116.941  43.569
116.675  43.434
116.536  43.287
116.492  43.268
116.442  43.174
116.428  43.031
4  5      1  8421504       1   65535  000 000
116.074  43.113
116.215  43.082
116.266  43.049
116.428  43.031
2  5      1  8421504       1   65535  000 000
120.337  43.051
120.326  43.012
2  5      1  8421504       1   65535  000 000
120.000  42.985
120.102  42.957
3  5      1  8421504       1   65535  000 000
120.200  42.956
120.243  42.955
120.326  43.012
3  5      1  8421504       1   65535  000 000
120.102  42.957
120.150  42.944
120.200  42.956
20  5      1  8421504       1   65535  000 000
112.110  43.728
112.262  43.666
112.342  43.681
112.342  43.681
112.393  43.651
112.439  43.673
112.439  43.673
112.571  43.595
112.762  43.581
112.960  43.510
113.034  43.545
113.164  43.550
113.164  43.550
113.342  43.474
113.503  43.502
113.503  43.502
113.574  43.317
113.667  43.214
113.892  43.029
114.002  42.879
9  5      1  8421504       1   65535  000 000
118.356  43.090
118.313  43.006
118.363  42.950
118.359  42.898
118.340  42.883
118.290  42.905
118.290  42.905
118.195  42.834
118.136  42.820
12  5      1  8421504       1   65535  000 000
115.090  43.062
114.985  43.030
114.923  42.979
114.829  42.956
114.760  42.883
114.605  42.857
114.580  42.833
114.459  42.840
114.459  42.840
114.374  42.810
114.307  42.760
114.264  42.758
4  5      1  8421504       1   65535  000 000
114.264  42.758
114.189  42.814
114.072  42.840
114.002  42.879
10  5      1  8421504       1   65535  000 000
119.698  42.757
119.764  42.786
119.769  42.833
119.816  42.838
119.795  42.863
119.826  42.865
119.866  42.981
119.985  43.003
119.985  43.003
120.000  42.985
12  5      1  8421504       1   65535  000 000
121.601  43.297
121.632  43.243
121.688  43.224
121.744  43.158
121.796  43.054
121.794  43.014
121.858  42.931
121.877  42.917
121.987  42.918
121.987  42.918
122.033  42.792
122.192  42.727
8  5      1  8421504       1   65535  000 000
116.428  43.031
116.504  43.019
116.634  42.950
116.665  42.911
116.716  42.897
116.758  42.823
116.672  42.734
116.664  42.672
5  5      1  8421504       1   65535  000 000
114.264  42.758
114.165  42.702
114.100  42.694
114.051  42.660
114.000  42.657
3  5      1  8421504       1   65535  000 000
118.136  42.820
118.004  42.774
117.826  42.642
2  5      1  8421504       1   65535  000 000
117.826  42.642
117.795  42.611
4  5      1  8421504       1   65535  000 000
119.636  42.585
119.747  42.647
119.679  42.723
119.698  42.757
5  5      1  8421504       1   65535  000 000
116.664  42.672
116.777  42.653
116.861  42.563
116.839  42.538
116.867  42.515
3  5      1  8421504       1   65535  000 000
116.664  42.672
116.597  42.519
116.538  42.487
38  5      1  8421504       1   65535  000 000
117.826  42.642
117.998  42.626
118.082  42.662
118.186  42.669
118.186  42.669
118.415  42.614
118.457  42.629
118.457  42.629
118.485  42.604
118.585  42.612
118.585  42.612
118.616  42.579
118.724  42.579
118.724  42.579
118.790  42.525
118.866  42.541
118.866  42.541
118.974  42.518
118.939  42.494
118.949  42.465
119.099  42.489
119.188  42.556
119.236  42.559
119.236  42.559
119.250  42.530
119.280  42.535
119.304  42.590
119.346  42.610
119.307  42.690
119.376  42.719
119.376  42.719
119.438  42.703
119.447  42.657
119.482  42.644
119.608  42.669
119.608  42.669
119.596  42.625
119.636  42.585
2  5      1  8421504       1   65535  000 000
116.867  42.515
116.897  42.449
2  5      1  8421504       1   65535  000 000
116.897  42.449
116.930  42.411
6  5      1  8421504       1   65535  000 000
119.636  42.585
119.608  42.515
119.559  42.493
119.558  42.435
119.513  42.419
119.496  42.386
18  5      1  8421504       1   65535  000 000
121.580  43.283
121.544  43.253
121.541  43.186
121.444  43.173
121.382  43.084
121.241  43.068
121.203  43.104
121.203  43.104
121.183  43.098
121.204  43.042
121.161  43.026
121.144  42.993
121.223  42.908
121.179  42.866
121.163  42.728
121.165  42.489
121.193  42.451
121.204  42.357
3  5      1  8421504       1   65535  000 000
116.538  42.487
116.550  42.421
116.499  42.351
9  5      1  8421504       1   65535  000 000
120.326  43.012
120.404  42.963
120.391  42.896
120.463  42.827
120.453  42.745
120.599  42.499
120.659  42.441
120.759  42.387
120.872  42.260
8  5      1  8421504       1   65535  000 000
110.773  42.236
110.765  42.280
110.735  42.303
110.746  42.361
110.693  42.496
110.517  42.617
110.470  42.685
110.334  42.736
8  5      1  8421504       1   65535  000 000
114.264  42.758
114.486  42.646
114.604  42.531
114.647  42.454
114.725  42.437
114.744  42.331
114.730  42.248
114.750  42.209
2  5      1  8421504       1   65535  000 000
114.750  42.209
114.818  42.178
20  5      1  8421504       1   65535  000 000
115.090  43.062
115.003  42.980
115.169  42.979
115.338  42.950
115.266  42.878
115.270  42.844
115.301  42.835
115.312  42.779
115.339  42.768
115.301  42.741
115.316  42.706
115.278  42.680
115.325  42.668
115.341  42.638
115.420  42.587
115.465  42.456
115.534  42.410
115.597  42.395
115.600  42.345
115.461  42.169
8  5      1  8421504       1   65535  000 000
113.470  42.137
113.426  42.239
113.513  42.261
113.543  42.291
113.536  42.333
113.629  42.402
113.738  42.438
114.000  42.657
2  5      1  8421504       1   65535  000 000
113.470  42.137
113.538  42.132
7  5      1  8421504       1   65535  000 000
115.461  42.169
115.302  42.097
115.073  42.110
115.073  42.110
114.980  42.086
114.910  42.100
114.818  42.178
30  5      1  8421504       1   65535  000 000
118.255  42.084
118.267  42.103
118.342  42.116
118.342  42.116
118.443  42.081
118.520  42.103
118.520  42.103
118.550  42.078
118.568  42.085
118.568  42.085
118.580  42.054
118.656  42.108
118.656  42.108
118.752  42.100
118.788  42.204
118.849  42.232
118.849  42.232
118.908  42.208
118.837  42.152
118.831  42.076
118.911  42.027
118.968  42.043
119.012  42.084
119.012  42.084
119.088  42.029
119.174  42.106
119.216  42.116
119.216  42.116
119.292  42.099
119.317  42.115
27  5      1  8421504       1   65535  000 000
111.153  43.379
111.278  43.248
111.392  43.192
111.498  43.192
111.581  43.140
111.632  43.037
111.818  42.941
111.858  42.895
111.850  42.844
111.952  42.679
111.998  42.649
112.010  42.610
112.109  42.559
112.132  42.481
112.215  42.472
112.285  42.424
112.287  42.401
112.354  42.378
112.447  42.381
112.547  42.409
112.547  42.409
112.604  42.392
112.612  42.357
112.722  42.244
112.706  42.176
112.886  42.102
112.962  41.985
6  5      1  8421504       1   65535  000 000
113.160  41.983
113.254  42.037
113.343  42.143
113.408  42.156
113.408  42.156
113.470  42.137
22  5      1  8421504       1   65535  000 000
114.000  41.976
114.052  41.963
114.062  41.989
114.088  41.990
114.048  42.034
114.105  42.133
114.105  42.133
114.215  42.131
114.235  42.167
114.278  42.189
114.278  42.189
114.377  42.143
114.392  42.102
114.454  42.105
114.454  42.170
114.381  42.204
114.499  42.222
114.559  42.296
114.559  42.296
114.671  42.273
114.667  42.229
114.750  42.209
3  5      1  8421504       1   65535  000 000
112.962  41.985
113.108  41.959
113.160  41.983
10  5      1  8421504       1   65535  000 000
113.538  42.132
113.638  42.108
113.714  42.128
113.714  42.128
113.732  42.095
113.788  42.063
113.906  42.055
113.906  41.984
113.948  41.949
114.000  41.976
12  5      1  8421504       1   65535  000 000
116.499  42.351
116.426  42.345
116.302  42.392
116.302  42.392
116.212  42.346
116.249  42.299
116.208  42.229
116.108  42.175
116.030  42.078
115.989  42.077
115.949  41.965
115.915  41.940
13  5      1  8421504       1   65535  000 000
115.461  42.169
115.514  42.160
115.504  42.111
115.577  42.148
115.577  42.148
115.597  42.143
115.604  42.103
115.769  42.129
115.769  42.129
115.798  42.117
115.810  42.060
115.775  42.003
115.820  41.933
11  5      1  8421504       1   65535  000 000
119.293  42.028
119.301  42.076
119.301  42.076
119.243  42.054
119.200  42.060
119.200  42.060
119.209  42.020
119.138  41.970
119.202  41.930
119.200  41.970
119.293  42.028
3  5      1  8421504       1   65535  000 000
110.993  41.894
110.789  42.168
110.773  42.236
2  5      1  8421504       1   65535  000 000
119.062  41.841
119.318  41.850
3  5      1  8421504       1   65535  000 000
112.784  41.811
112.785  41.890
112.962  41.985
4  5      1  8421504       1   65535  000 000
112.608  41.799
112.743  41.825
112.743  41.825
112.784  41.811
6  5      1  8421504       1   65535  000 000
109.917  41.793
109.994  41.804
109.994  41.804
110.007  41.755
109.921  41.756
109.917  41.793
3  5      1  8421504       1   65535  000 000
114.216  41.729
114.135  41.709
113.999  41.626
15  5      1  8421504       1   65535  000 000
113.538  42.132
113.572  42.085
113.632  42.078
113.686  42.049
113.715  41.985
113.691  41.923
113.786  41.862
113.784  41.833
113.823  41.788
113.825  41.724
113.866  41.694
113.917  41.694
113.930  41.627
113.974  41.614
113.999  41.626
13  5      1  8421504       1   65535  000 000
118.306  41.564
118.445  41.581
118.485  41.683
118.617  41.733
118.669  41.823
118.669  41.823
118.706  41.818
118.796  41.850
118.796  41.850
118.906  41.847
118.995  41.880
118.995  41.880
119.062  41.841
15  5      1  8421504       1   65535  000 000
109.380  42.443
109.431  42.407
109.477  42.317
109.502  42.155
109.457  42.075
109.385  42.043
109.355  41.926
109.274  41.880
109.263  41.820
109.301  41.813
109.359  41.764
109.427  41.601
109.422  41.531
109.519  41.497
109.663  41.502
7  5      1  8421504       1   65535  000 000
111.435  41.460
111.430  41.528
111.363  41.631
111.155  41.704
111.156  41.736
111.078  41.762
110.993  41.894
31  5      1  8421504       1   65535  000 000
113.482  41.400
113.437  41.453
113.437  41.453
113.391  41.422
113.300  41.416
113.367  41.443
113.305  41.467
113.353  41.479
113.353  41.479
113.422  41.465
113.448  41.508
113.433  41.539
113.407  41.540
113.394  41.617
113.394  41.617
113.350  41.588
113.382  41.557
113.338  41.529
113.293  41.538
113.257  41.585
113.218  41.672
113.245  41.673
113.237  41.715
113.220  41.752
113.166  41.766
113.181  41.819
113.149  41.876
113.258  41.889
113.208  41.917
113.222  41.950
113.160  41.983
3  5      1  8421504       1   65535  000 000
111.379  41.378
111.420  41.405
111.435  41.460
2  5      1  8421504       1   65535  000 000
111.417  41.320
111.379  41.378
12  5      1  8421504       1   65535  000 000
109.663  41.502
109.796  41.454
109.857  41.469
109.857  41.469
109.963  41.380
110.039  41.416
110.039  41.416
110.111  41.409
110.150  41.378
110.200  41.439
110.200  41.439
110.486  41.307
13  5      1  8421504       1   65535  000 000
113.482  41.400
113.554  41.400
113.568  41.437
113.568  41.437
113.681  41.416
113.631  41.382
113.619  41.345
113.646  41.297
113.671  41.333
113.718  41.347
113.718  41.347
113.861  41.296
113.900  41.312
2  5      1  8421504       1   65535  000 000
110.486  41.307
110.510  41.288
7  5      1  8421504       1   65535  000 000
111.417  41.320
111.524  41.333
111.524  41.333
111.575  41.305
111.704  41.310
111.704  41.310
111.762  41.284
2  5      1  8421504       1   65535  000 000
110.510  41.288
110.529  41.266
23  5      1  8421504       1   65535  000 000
111.954  41.259
111.925  41.323
111.966  41.378
111.992  41.403
111.992  41.403
112.025  41.395
112.038  41.416
112.115  41.437
112.088  41.531
112.118  41.544
112.130  41.604
112.163  41.611
112.148  41.653
112.204  41.676
112.295  41.682
112.295  41.682
112.415  41.638
112.457  41.693
112.458  41.731
112.515  41.777
112.520  41.816
112.520  41.816
112.608  41.799
3  5      1  8421504       1   65535  000 000
111.762  41.284
111.785  41.257
111.822  41.262
26  5      1  8421504       1   65535  000 000
110.510  41.288
110.545  41.287
110.580  41.323
110.580  41.323
110.625  41.317
110.720  41.381
110.720  41.381
110.764  41.368
110.806  41.381
110.806  41.381
110.912  41.308
110.962  41.342
110.962  41.342
111.012  41.332
111.041  41.303
111.099  41.306
111.099  41.306
111.229  41.235
111.261  41.248
111.249  41.267
111.281  41.291
111.281  41.291
111.324  41.290
111.362  41.322
111.362  41.322
111.417  41.320
6  5      1  8421504       1   65535  000 000
109.663  41.502
109.637  41.439
109.682  41.378
109.690  41.321
109.632  41.265
109.648  41.230
5  5      1  8421504       1   65535  000 000
107.402  41.225
107.533  41.237
107.626  41.270
107.626  41.270
107.665  41.253
3  5      1  8421504       1   65535  000 000
111.822  41.262
111.818  41.218
111.859  41.213
19  5      1  8421504       1   65535  000 000
107.282  41.211
107.278  41.248
107.407  41.279
107.506  41.354
107.485  41.382
107.509  41.448
107.393  41.509
107.417  41.571
107.388  41.573
107.388  41.588
107.501  41.630
107.463  41.681
107.493  41.741
107.613  41.764
107.535  41.959
107.446  42.024
107.307  42.211
107.332  42.370
107.293  42.408
5  5      1  8421504       1   65535  000 000
113.414  41.200
113.398  41.260
113.351  41.277
113.381  41.341
113.482  41.400
3  5      1  8421504       1   65535  000 000
107.282  41.211
107.338  41.195
107.402  41.225
6  5      1  8421504       1   65535  000 000
111.859  41.213
111.879  41.219
111.879  41.219
111.916  41.193
111.925  41.252
111.954  41.259
12  5      1  8421504       1   65535  000 000
108.000  41.190
108.020  41.187
108.032  41.216
108.032  41.216
108.057  41.211
108.075  41.240
108.075  41.240
108.083  41.214
108.105  41.215
108.089  41.246
108.089  41.246
108.137  41.217
13  5      1  8421504       1   65535  000 000
108.926  41.250
108.991  41.263
108.991  41.263
109.087  41.233
109.129  41.244
109.129  41.244
109.254  41.197
109.409  41.245
109.409  41.245
109.545  41.179
109.585  41.254
109.585  41.254
109.648  41.230
11  5      1  8421504       1   65535  000 000
107.665  41.253
107.674  41.272
107.674  41.272
107.698  41.265
107.787  41.196
107.819  41.191
107.821  41.173
107.939  41.192
107.939  41.192
107.961  41.166
108.000  41.190
4  5      1  8421504       1   65535  000 000
108.745  41.163
108.810  41.215
108.894  41.228
108.926  41.250
7  5      1  8421504       1   65535  000 000
108.137  41.217
108.249  41.194
108.263  41.177
108.375  41.167
108.455  41.179
108.455  41.179
108.550  41.154
2  5      1  8421504       1   65535  000 000
108.676  41.149
108.745  41.163
2  5      1  8421504       1   65535  000 000
108.550  41.154
108.676  41.149
7  5      1  8421504       1   65535  000 000
112.722  41.133
112.704  41.171
112.799  41.264
112.833  41.396
112.858  41.419
112.766  41.594
112.784  41.811
2  5      1  8421504       1   65535  000 000
111.859  41.213
111.875  41.122
13  5      1  8421504       1   65535  000 000
113.414  41.200
113.350  41.159
113.228  41.174
113.114  41.220
113.114  41.220
113.053  41.158
113.002  41.188
113.002  41.188
113.003  41.166
112.970  41.173
112.970  41.173
112.946  41.146
112.804  41.091
3  5      1  8421504       1   65535  000 000
112.722  41.133
112.751  41.065
112.804  41.091
3  5      1  8421504       1   65535  000 000
107.402  41.225
107.343  41.086
107.282  41.053
16  5      1  8421504       1   65535  000 000
111.954  41.259
112.013  41.230
112.134  41.240
112.134  41.240
112.281  41.135
112.353  41.132
112.383  41.109
112.350  41.065
112.315  41.058
112.396  41.023
112.468  41.033
112.468  41.033
112.588  41.019
112.619  41.057
112.602  41.122
112.722  41.133
8  5      1  8421504       1   65535  000 000
106.933  41.000
107.074  41.040
107.137  41.135
107.173  41.147
107.173  41.147
107.198  41.136
107.221  41.178
107.282  41.211
9  5      1  8421504       1   65535  000 000
108.455  40.985
108.511  41.020
108.509  41.068
108.509  41.068
108.549  41.060
108.625  41.082
108.627  41.102
108.575  41.121
108.550  41.154
8  5      1  8421504       1   65535  000 000
113.109  40.961
113.040  40.991
113.033  41.024
113.055  41.062
113.117  41.072
113.117  41.072
113.183  41.015
113.109  40.961
16  5      1  8421504       1   65535  000 000
111.421  40.909
111.443  40.929
111.443  40.929
111.519  40.914
111.555  40.947
111.555  40.947
111.613  40.910
111.648  40.938
111.648  40.938
111.705  40.937
111.697  40.977
111.787  41.032
111.793  41.086
111.842  41.123
111.842  41.123
111.875  41.122
9  5      1  8421504       1   65535  000 000
102.991  42.033
102.982  41.588
103.028  41.415
102.986  41.333
102.752  41.095
102.686  41.050
102.604  41.020
102.366  41.010
102.001  40.876
4  5      1  8421504       1   65535  000 000
108.173  40.870
108.197  40.910
108.329  40.930
108.455  40.985
3  5      1  8421504       1   65535  000 000
107.174  40.851
107.222  40.904
107.282  41.053
10  5      1  8421504       1   65535  000 000
110.529  41.266
110.642  41.150
110.663  41.012
110.613  40.965
110.639  40.917
110.706  40.935
110.706  40.935
110.733  40.915
110.725  40.840
110.704  40.830
3  5      1  8421504       1   65535  000 000
107.999  40.835
108.094  40.829
108.173  40.870
5  5      1  8421504       1   65535  000 000
111.875  41.122
112.019  41.041
112.034  40.964
112.132  40.948
112.178  40.813
8  5      1  8421504       1   65535  000 000
112.804  41.091
112.828  41.057
112.880  41.042
112.830  41.000
112.917  40.985
112.951  40.931
112.883  40.831
112.903  40.801
13  5      1  8421504       1   65535  000 000
109.648  41.230
109.716  41.137
109.712  41.114
109.670  41.097
109.686  41.040
109.731  41.030
109.745  41.003
109.770  41.011
109.770  41.011
109.816  40.994
109.826  40.946
109.898  40.874
109.787  40.799
15  5      1  8421504       1   65535  000 000
110.776  40.793
110.854  40.828
111.008  40.830
111.023  40.862
111.070  40.872
111.079  40.906
111.079  40.906
111.162  40.901
111.174  40.924
111.174  40.924
111.224  40.893
111.264  40.912
111.264  40.912
111.365  40.886
111.421  40.909
3  5      1  8421504       1   65535  000 000
110.704  40.830
110.723  40.782
110.776  40.793
8  5      1  8421504       1   65535  000 000
107.655  40.778
107.681  40.778
107.714  40.830
107.802  40.839
107.830  40.860
107.830  40.860
107.983  40.854
107.999  40.835
10  5      1  8421504       1   65535  000 000
107.665  41.253
107.685  41.207
107.676  41.134
107.718  41.076
107.720  41.005
107.716  40.951
107.630  40.894
107.680  40.861
107.645  40.806
107.655  40.778
4  5      1  8421504       1   65535  000 000
106.593  40.762
106.612  40.835
106.711  40.858
106.933  41.000
20  5      1  8421504       1   65535  000 000
113.492  40.756
113.498  40.786
113.527  40.790
113.510  40.836
113.615  40.933
113.561  40.964
113.580  40.998
113.626  41.021
113.609  41.080
113.660  41.094
113.647  41.114
113.573  41.128
113.599  41.164
113.550  41.197
113.550  41.197
113.527  41.189
113.526  41.207
113.526  41.207
113.502  41.191
113.414  41.200
5  5      1  8421504       1   65535  000 000
112.834  40.740
112.865  40.766
112.865  40.766
112.898  40.752
112.903  40.801
8  5      1  8421504       1   65535  000 000
106.193  40.731
106.277  40.859
106.399  40.950
106.399  40.950
106.467  40.892
106.498  40.776
106.547  40.756
106.593  40.762
2  5      1  8421504       1   65535  000 000
106.593  40.762
106.855  40.728
14  5      1  8421504       1   65535  000 000
105.208  41.733
105.233  41.370
105.252  41.331
105.364  41.247
105.394  40.982
105.437  40.915
105.544  40.849
105.683  40.823
105.725  40.785
105.920  40.729
105.975  40.724
106.125  40.766
106.125  40.766
106.193  40.731
2  5      1  8421504       1   65535  000 000
106.855  40.728
106.903  40.716
7  5      1  8421504       1   65535  000 000
110.400  40.715
110.455  40.751
110.432  40.775
110.524  40.845
110.524  40.845
110.632  40.805
110.704  40.830
10  5      1  8421504       1   65535  000 000
109.787  40.799
109.815  40.778
109.948  40.753
110.119  40.808
110.119  40.808
110.155  40.735
110.317  40.754
110.317  40.754
110.378  40.740
110.400  40.715
2  5      1  8421504       1   65535  000 000
113.499  40.692
113.492  40.756
15  5      1  8421504       1   65535  000 000
112.903  40.801
112.993  40.759
113.014  40.729
113.062  40.728
113.074  40.703
113.131  40.684
113.174  40.689
113.191  40.732
113.232  40.734
113.232  40.734
113.314  40.696
113.360  40.726
113.387  40.778
113.387  40.778
113.492  40.756
5  5      1  8421504       1   65535  000 000
112.178  40.813
112.142  40.753
112.082  40.730
112.124  40.689
112.033  40.650
4  5      1  8421504       1   65535  000 000
112.033  40.650
111.941  40.690
111.941  40.690
111.934  40.646
2  5      1  8421504       1   65535  000 000
111.844  40.650
111.934  40.646
3  5      1  8421504       1   65535  000 000
113.499  40.692
113.515  40.669
113.605  40.643
19  5      1  8421504       1   65535  000 000
112.178  40.813
112.232  40.838
112.232  40.838
112.236  40.794
112.303  40.781
112.295  40.753
112.345  40.734
112.373  40.681
112.456  40.672
112.492  40.641
112.583  40.677
112.586  40.694
112.702  40.703
112.709  40.739
112.759  40.767
112.759  40.767
112.793  40.762
112.806  40.736
112.834  40.740
2  5      1  8421504       1   65535  000 000
111.844  40.650
111.793  40.599
17  5      1  8421504       1   65535  000 000
111.421  40.909
111.439  40.866
111.508  40.849
111.530  40.810
111.573  40.787
111.568  40.752
111.523  40.706
111.546  40.679
111.614  40.706
111.614  40.706
111.612  40.673
111.578  40.647
111.719  40.626
111.751  40.643
111.751  40.643
111.792  40.621
111.793  40.599
12  5      1  8421504       1   65535  000 000
107.169  40.558
107.257  40.571
107.260  40.610
107.307  40.650
107.345  40.658
107.345  40.658
107.382  40.631
107.426  40.676
107.426  40.676
107.468  40.673
107.503  40.714
107.655  40.778
9  5      1  8421504       1   65535  000 000
107.169  40.558
107.116  40.632
107.138  40.670
107.097  40.838
107.119  40.849
107.119  40.849
107.152  40.828
107.179  40.837
107.174  40.851
21  5      1  8421504       1   65535  000 000
108.173  40.870
108.242  40.807
108.296  40.817
108.296  40.817
108.347  40.797
108.423  40.799
108.423  40.799
108.570  40.706
108.590  40.661
108.692  40.626
108.697  40.601
108.767  40.617
108.767  40.617
108.769  40.556
108.876  40.560
108.876  40.560
108.914  40.523
109.006  40.527
109.003  40.564
109.003  40.564
109.051  40.540
11  5      1  8421504       1   65535  000 000
109.787  40.799
109.775  40.753
109.666  40.742
109.579  40.763
109.579  40.763
109.522  40.757
109.408  40.703
109.394  40.643
109.442  40.598
109.413  40.591
109.434  40.519
3  5      1  8421504       1   65535  000 000
113.605  40.643
113.732  40.610
113.788  40.517
7  5      1  8421504       1   65535  000 000
110.366  40.502
110.414  40.555
110.416  40.612
110.454  40.663
110.418  40.673
110.441  40.695
110.400  40.715
2  5      1  8421504       1   65535  000 000
110.235  40.531
110.366  40.502
5  5      1  8421504       1   65535  000 000
106.903  40.716
106.948  40.653
107.067  40.638
107.116  40.551
107.111  40.499
8  5      1  8421504       1   65535  000 000
111.793  40.599
111.775  40.548
111.808  40.515
111.768  40.498
111.696  40.499
111.565  40.547
111.565  40.547
111.500  40.535
20  5      1  8421504       1   65535  000 000
109.434  40.519
109.480  40.511
109.559  40.544
109.559  40.544
109.597  40.531
109.614  40.544
109.614  40.544
109.716  40.475
109.911  40.527
109.911  40.527
109.948  40.498
109.975  40.527
109.975  40.527
110.002  40.505
110.033  40.530
110.033  40.530
110.158  40.508
110.184  40.548
110.184  40.548
110.235  40.531
12  5      1  8421504       1   65535  000 000
109.051  40.540
109.103  40.551
109.103  40.551
109.138  40.519
109.205  40.511
109.210  40.482
109.283  40.519
109.283  40.519
109.389  40.467
109.462  40.484
109.426  40.505
109.434  40.519
4  5      1  8421504       1   65535  000 000
107.136  40.448
107.159  40.492
107.140  40.522
107.169  40.558
2  5      1  8421504       1   65535  000 000
107.111  40.499
107.136  40.448
4  5      1  8421504       1   65535  000 000
109.014  40.435
109.053  40.466
109.032  40.517
109.051  40.540
7  5      1  8421504       1   65535  000 000
111.083  40.425
111.130  40.500
111.302  40.560
111.465  40.583
111.465  40.583
111.458  40.549
111.500  40.535
10  5      1  8421504       1   65535  000 000
110.776  40.793
110.797  40.705
110.780  40.689
110.852  40.522
110.903  40.488
110.943  40.490
110.943  40.490
111.026  40.443
111.025  40.424
111.083  40.425
15  5      1  8421504       1   65535  000 000
112.834  40.740
112.839  40.645
112.797  40.649
112.797  40.649
112.805  40.615
112.868  40.595
112.919  40.604
112.919  40.604
113.020  40.562
112.989  40.544
112.984  40.488
112.922  40.464
112.970  40.411
112.958  40.387
112.984  40.354
17  5      1  8421504       1   65535  000 000
110.235  40.531
110.250  40.472
110.271  40.489
110.271  40.489
110.305  40.480
110.308  40.450
110.353  40.461
110.353  40.461
110.421  40.400
110.447  40.391
110.467  40.408
110.467  40.408
110.475  40.369
110.504  40.387
110.504  40.387
110.544  40.347
110.636  40.306
5  5      1  8421504       1   65535  000 000
109.014  40.435
108.994  40.402
109.021  40.344
109.053  40.308
109.129  40.295
2  5      1  8421504       1   65535  000 000
110.636  40.306
110.665  40.274
6  5      1  8421504       1   65535  000 000
111.083  40.425
111.118  40.348
111.047  40.314
111.078  40.276
111.117  40.274
111.118  40.248
15  5      1  8421504       1   65535  000 000
110.636  40.306
110.652  40.325
110.652  40.325
110.685  40.323
110.683  40.306
110.763  40.296
110.770  40.271
110.818  40.287
110.818  40.287
110.890  40.247
110.973  40.252
111.038  40.289
111.038  40.289
111.051  40.262
111.118  40.248
8  5      1  8421504       1   65535  000 000
112.033  40.650
112.085  40.585
112.040  40.555
112.202  40.449
112.246  40.393
112.228  40.363
112.257  40.353
112.300  40.247
2  5      1  8421504       1   65535  000 000
109.132  40.220
109.129  40.295
6  5      1  8421504       1   65535  000 000
106.954  40.199
107.015  40.246
107.039  40.298
107.156  40.376
107.163  40.409
107.136  40.448
8  5      1  8421504       1   65535  000 000
111.500  40.535
111.495  40.430
111.442  40.364
111.489  40.338
111.481  40.268
111.512  40.252
111.538  40.199
111.511  40.175
2  5      1  8421504       1   65535  000 000
106.865  40.169
106.954  40.199
7  5      1  8421504       1   65535  000 000
106.193  40.731
106.475  40.550
106.469  40.454
106.512  40.388
106.645  40.347
106.682  40.299
106.865  40.169
4  5      1  8421504       1   65535  000 000
111.511  40.175
111.423  40.173
111.388  40.101
111.360  40.090
5  5      1  8421504       1   65535  000 000
111.118  40.248
111.172  40.226
111.226  40.166
111.306  40.149
111.360  40.090
5  5      1  8421504       1   65535  000 000
111.511  40.175
111.555  40.164
111.586  40.132
111.668  40.129
111.663  40.089
7  5      1  8421504       1   65535  000 000
111.663  40.089
111.742  40.092
111.742  40.092
111.789  40.075
111.857  40.106
111.857  40.106
111.935  40.100
15  5      1  8421504       1   65535  000 000
102.001  40.876
101.810  40.686
101.744  40.649
101.607  40.662
101.607  40.662
101.498  40.617
101.373  40.602
101.093  40.653
101.093  40.653
100.980  40.636
100.905  40.596
100.801  40.492
100.588  40.327
 99.900  40.015
 99.754  40.002
8  5      1  8421504       1   65535  000 000
109.132  40.220
109.097  40.215
109.070  40.173
109.082  40.099
109.126  40.044
109.204  40.051
109.204  40.051
109.203  40.001
4  5      1  8421504       1   65535  000 000
106.954  40.199
107.152  40.047
107.219  40.012
107.290  40.001
4  5      1  8421504       1   65535  000 000
106.727  40.001
106.719  40.042
106.810  40.097
106.865  40.169
15  5      1  8421504       1   65535  000 000
104.518  41.662
104.510  41.411
104.483  41.290
104.493  41.174
104.608  40.905
104.734  40.817
104.773  40.759
104.741  40.635
104.764  40.507
104.808  40.437
104.988  40.298
105.223  40.252
105.231  40.194
105.174  40.091
105.247  40.001
7  5      1  8421504       1   65535  000 000
110.665  40.274
110.683  40.200
110.711  40.172
110.677  40.140
110.657  40.069
110.672  40.035
110.638  39.999
2  5      1  8421504       1   65535  000 000
111.360  40.090
111.413  39.998
3  5      1  8421504       1   65535  000 000
111.935  40.100
111.979  40.021
112.017  39.998
3  5      1  8421504       1   65535  000 000
112.017  39.998
112.064  39.969
112.100  39.973
2  5      1  8421504       1   65535  000 000
109.203  40.001
109.213  39.966
13  5      1  8421504       1   65535  000 000
110.132  39.928
110.037  39.931
109.954  39.995
109.954  39.995
109.810  39.894
109.623  39.923
109.597  39.948
109.597  39.948
109.542  39.912
109.439  39.956
109.439  39.956
109.331  39.948
109.213  39.966
2  5      1  8421504       1   65535  000 000
110.132  39.928
110.198  39.881
3  5      1  8421504       1   65535  000 000
 99.754  40.002
 99.621  39.935
 99.453  39.876
7  5      1  8421504       1   65535  000 000
110.638  39.999
110.578  39.985
110.555  39.943
110.415  39.919
110.400  39.898
110.416  39.851
110.364  39.820
2  5      1  8421504       1   65535  000 000
110.198  39.881
110.364  39.820
5  5      1  8421504       1   65535  000 000
106.727  40.001
106.730  39.940
106.704  39.898
106.746  39.859
106.750  39.794
11  5      1  8421504       1   65535  000 000
107.290  40.001
107.411  39.921
107.507  39.940
107.507  39.940
107.726  39.838
107.782  39.833
107.816  39.867
107.816  39.867
107.860  39.824
107.950  39.810
108.000  39.781
4  5      1  8421504       1   65535  000 000
109.213  39.966
109.153  39.947
109.127  39.916
109.208  39.767
2  5      1  8421504       1   65535  000 000
106.750  39.794
106.770  39.763
7  5      1  8421504       1   65535  000 000
110.146  39.720
110.183  39.771
110.183  39.771
110.263  39.733
110.360  39.765
110.380  39.790
110.364  39.820
19  5      1  8421504       1   65535  000 000
109.208  39.767
109.230  39.803
109.230  39.803
109.315  39.802
109.333  39.747
109.436  39.727
109.509  39.728
109.542  39.750
109.542  39.750
109.644  39.735
109.698  39.750
109.698  39.750
109.725  39.719
109.812  39.725
109.812  39.725
109.851  39.689
109.959  39.658
109.995  39.682
110.146  39.720
7  5      1  8421504       1   65535  000 000
111.413  39.998
111.436  39.890
111.353  39.748
111.375  39.706
111.433  39.669
111.415  39.659
111.433  39.640
15  5      1  8421504       1   65535  000 000
105.247  40.001
105.256  39.973
105.155  39.940
105.084  39.752
105.010  39.721
104.720  39.783
104.605  39.851
104.401  39.885
104.222  39.958
104.112  39.959
104.112  39.959
104.084  39.917
104.130  39.779
104.141  39.593
104.091  39.418
8  5      1  8421504       1   65535  000 000
109.208  39.767
109.254  39.748
109.265  39.695
109.207  39.667
109.196  39.577
109.058  39.588
109.058  39.588
109.010  39.393
2  5      1  8421504       1   65535  000 000
108.889  39.390
109.010  39.393
10  5      1  8421504       1   65535  000 000
108.000  39.781
108.130  39.754
108.259  39.697
108.362  39.696
108.392  39.657
108.626  39.626
108.705  39.594
108.768  39.534
108.818  39.448
108.889  39.390
9  5      1  8421504       1   65535  000 000
110.146  39.720
110.106  39.634
110.121  39.585
110.193  39.566
110.246  39.614
110.293  39.616
110.293  39.616
110.418  39.441
110.505  39.382
13  5      1  8421504       1   65535  000 000
106.749  39.381
106.740  39.433
106.740  39.433
106.679  39.425
106.613  39.448
106.601  39.511
106.619  39.540
106.753  39.544
106.778  39.571
106.758  39.635
106.790  39.687
106.758  39.710
106.770  39.763
11  5      1  8421504       1   65535  000 000
106.750  39.794
106.783  39.798
106.940  39.859
106.940  39.859
106.977  39.856
107.019  39.807
107.059  39.611
107.100  39.541
107.056  39.436
106.965  39.325
106.810  39.308
21  5      1  8421504       1   65535  000 000
109.010  39.393
109.051  39.377
109.103  39.382
109.103  39.382
109.144  39.307
109.174  39.315
109.222  39.383
109.222  39.383
109.315  39.355
109.332  39.247
109.417  39.268
109.417  39.268
109.483  39.243
109.530  39.200
109.529  39.180
109.503  39.173
109.538  39.080
109.480  38.996
109.486  38.977
109.572  38.947
109.675  38.950
11  5      1  8421504       1   65535  000 000
106.800  38.818
107.135  38.694
107.328  38.643
107.566  38.676
107.715  38.778
107.715  38.778
107.791  38.763
107.884  38.772
107.884  38.772
107.918  38.750
108.000  38.618
13  5      1  8421504       1   65535  000 000
108.889  39.390
108.761  39.245
108.666  39.237
108.546  39.166
108.504  39.043
108.501  38.953
108.437  38.965
108.437  38.965
108.447  38.886
108.517  38.772
108.476  38.694
108.468  38.556
108.447  38.518
4  5      1  8421504       1   65535  000 000
108.000  38.618
108.217  38.487
108.309  38.486
108.447  38.518
11  5      1  8421504       1   65535  000 000
108.447  38.518
108.416  38.396
108.443  38.330
108.417  38.265
108.438  38.186
108.422  38.078
108.375  38.019
108.297  37.975
108.329  37.826
108.490  37.786
108.525  37.690
108.447  38.518
108.416  38.396
108.443  38.330
108.417  38.265
108.438  38.186
108.422  38.078
108.375  38.019
108.297  37.975
108.329  37.826
108.490  37.786
108.525  37.690
